image_width: 640
image_height: 480
camera_name: narrow_stereo
camera_matrix:
  rows: 3
  cols: 3
  data: [758.99172,   0.     , 359.04727,
           0.     , 711.64419, 248.36699,
           0.     ,   0.     ,   1.     ]
distortion_model: plumb_bob
distortion_coefficients:
  rows: 1
  cols: 5
  data: [0.214940, -0.861757, 0.001495, 0.008020, 0.000000]
rectification_matrix:
  rows: 3
  cols: 3
  data: [1., 0., 0.,
         0., 1., 0.,
         0., 0., 1.]
projection_matrix:
  rows: 3
  cols: 4
  data: [762.03442,   0.     , 363.08093,   0.     ,
           0.     , 721.31958, 248.27449,   0.     ,
           0.     ,   0.     ,   1.     ,   0.     ]
