width
640

height
480

[narrow_stereo]

camera matrix
758.991717 0.000000 359.047267
0.000000 711.644195 248.366986
0.000000 0.000000 1.000000

distortion
0.214940 -0.861757 0.001495 0.008020 0.000000

rectification
1.000000 0.000000 0.000000
0.000000 1.000000 0.000000
0.000000 0.000000 1.000000

projection
762.034424 0.000000 363.080928 0.000000
0.000000 721.319580 248.274491 0.000000
0.000000 0.000000 1.000000 0.000000

('Wrote calibration data to', '/tmp/calibrationdata.tar.gz')
('Wrote calibration data to', '/tmp/calibrationdata.tar.gz')
('Wrote calibration data to', '/tmp/calibrationdata.tar.gz')
D = [0.21493990190471565, -0.861757293860304, 0.0014945009578660477, 0.008019840078610958, 0.0]
K = [758.991717060438, 0.0, 359.04726651936875, 0.0, 711.6441945598418, 248.3669864380145, 0.0, 0.0, 1.0]
R = [1.0, 0.0, 0.0, 0.0, 1.0, 0.0, 0.0, 0.0, 1.0]
P = [762.034423828125, 0.0, 363.0809275700376, 0.0, 0.0, 721.319580078125, 248.27449135100323, 0.0, 0.0, 0.0, 1.0, 0.0]
# oST version 5.0 parameters


[image]

width
640

height
480

[narrow_stereo]

camera matrix
758.991717 0.000000 359.047267
0.000000 711.644195 248.366986
0.000000 0.000000 1.000000

distortion
0.214940 -0.861757 0.001495 0.008020 0.000000

rectification
1.000000 0.000000 0.000000
0.000000 1.000000 0.000000
0.000000 0.000000 1.000000

projection
762.034424 0.000000 363.080928 0.000000
0.000000 721.319580 248.274491 0.000000
0.000000 0.000000 1.000000 0.000000
